> tmp.predict["2017::"]
         GSPC.Open GSPC.High GSPC.Low GSPC.Close GSPC.Volume GSPC.Adjusted   spline      eps
Jan 2017   2251.57   2300.99  2245.13    2278.87 70483180000       2278.87 2186.441 2341.439
Feb 2017   2285.59   2371.54  2271.65    2363.64 69162420000       2363.64 2212.634 2364.783
Mar 2017   2380.13   2400.98  2322.25    2362.72 81547770000       2362.72 2240.073 2385.420
Apr 2017   2362.34   2398.16  2328.95    2384.20 65265670000       2384.20 2269.267 2403.288
May 2017   2388.50   2418.71  2352.72    2411.80 79607170000       2411.80 2299.877 2419.760
Jun 2017   2415.65   2453.82  2405.70    2423.41 81002490000       2423.41 2331.481 2436.350
Jul 2017   2431.39   2484.04  2407.70    2470.30 63169400000       2470.30 2363.838 2453.714
Aug 2017   2477.10   2490.87  2417.35    2471.65 70616030000       2471.65 2397.073 2470.786
Sep 2017   2474.42   2519.44  2446.55    2519.36 66337980000       2519.36 2431.356 2486.302
Oct 2017   2521.20   2582.98  2520.40    2575.26 70871570000       2575.26 2467.009 2499.691
Nov 2017   2583.21   2657.74  2557.45    2647.58 73173260000       2647.58 2504.693 2511.934
Dec 2017   2645.10   2694.97  2605.52    2673.61 65251190000       2673.61 2545.117 2524.218
Jan 2018   2683.73   2872.87  2682.36    2823.81 76860120000       2823.81 2588.370 2537.567
Feb 2018   2816.45   2835.96  2532.69    2713.83 79579410000       2713.83 2633.007 2552.585
Mar 2018   2715.22   2801.90  2585.89    2640.87 76369800000       2640.87 2677.342 2569.813
Apr 2018   2633.45   2717.49  2553.80    2648.05 69648590000       2648.05 2719.893 2589.625
May 2018   2642.96   2742.24  2594.62    2705.27 75617280000       2705.27 2759.732 2611.923
Jun 2018   2718.70   2791.47  2691.99    2718.37 77439710000       2718.37 2796.031 2636.530
Jul 2018   2704.95   2848.03  2698.95    2816.29 64542170000       2816.29 2828.256 2662.901
Aug 2018   2821.17   2916.50  2796.34    2901.52 69238220000       2901.52 2856.811 2689.334
Sep 2018   2896.96   2940.91  2864.12    2913.98 62492080000       2913.98 2882.281 2713.899
Oct 2018   2926.29   2939.86  2603.54    2711.74 91327930000       2711.74 2905.199 2734.734
Nov 2018   2717.58   2815.15  2631.09    2760.17 80080110000       2760.17 2925.910 2750.208
Dec 2018   2790.50   2800.18  2346.58    2506.85 83519570000       2506.85 2944.718 2758.741
Jan 2019   2476.96   2708.95  2443.96    2704.10 80391630000       2704.10 2965.000 2772.000
Feb 2019   2702.32   2813.49  2681.83    2784.49 70183430000       2784.49 2985.000 2788.000
Mar 2019   2798.22   2860.31  2722.27    2834.40 78596280000       2834.40 3005.000 2804.000
